0 59 113 275 167 257 94 220 158 318 268 304 314 149 81 24 290 74 250 182 209 294 96 142 30 128 219 30 192 247 46 232
59 0 64 226 118 208 45 171 109 269 219 255 265 100 32 63 241 25 201 133 160 245 47 93 69 79 170 39 143 198 27 183
113 64 0 176 68 158 37 121 59 219 169 205 215 50 46 117 191 67 151 83 110 195 27 43 123 29 120 93 93 148 81 133
275 226 176 0 122 28 199 69 129 53 27 39 49 150 208 279 25 229 41 111 88 29 189 159 285 167 86 255 95 54 243 57
167 118 68 122 0 104 91 67 21 165 115 151 161 42 100 171 137 121 97 29 56 141 81 51 177 59 66 147 39 94 135 79
257 208 158 28 104 0 181 51 111 71 21 57 67 132 190 261 43 211 23 93 70 47 171 141 267 149 68 237 77 36 225 39
94 45 37 199 91 181 0 144 82 242 192 228 238 73 27 98 214 48 174 106 133 218 20 66 104 52 143 74 116 171 62 156
220 171 121 69 67 51 144 0 74 112 62 98 108 95 153 224 84 174 44 56 33 88 134 104 230 112 31 200 40 41 188 26
158 109 59 129 21 111 82 74 0 172 122 158 168 33 91 162 144 112 104 36 63 148 72 42 168 50 73 138 46 101 126 86
318 269 219 53 165 71 242 112 172 0 70 24 22 193 251 322 38 272 84 154 131 54 232 202 328 210 129 298 138 97 286 100
268 219 169 27 115 21 192 62 122 70 0 56 66 143 201 272 42 222 34 104 81 46 182 152 278 160 79 248 88 47 236 50
304 255 205 39 151 57 228 98 158 24 56 0 20 179 237 308 24 258 70 140 117 40 218 188 314 196 115 284 124 83 272 86
314 265 215 49 161 67 238 108 168 22 66 20 0 189 247 318 34 268 80 150 127 50 228 198 324 206 125 294 134 93 282 96
149 100 50 150 42 132 73 95 33 193 143 179 189 0 82 153 165 103 125 57 84 169 63 33 159 41 94 129 67 122 117 107
81 32 46 208 100 190 27 153 91 251 201 237 247 82 0 85 223 35 183 115 142 227 29 75 91 61 152 61 125 180 49 165
24 63 117 279 171 261 98 224 162 322 272 308 318 153 85 0 294 78 254 186 213 298 100 146 18 132 223 34 196 251 50 236
290 241 191 25 137 43 214 84 144 38 42 24 34 165 223 294 0 244 56 126 103 26 204 174 300 182 101 270 110 69 258 72
74 25 67 229 121 211 48 174 112 272 222 258 268 103 35 78 244 0 204 136 163 248 50 96 84 82 173 54 146 201 42 186
250 201 151 41 97 23 174 44 104 84 34 70 80 125 183 254 56 204 0 86 63 60 164 134 260 142 61 230 70 29 218 32
182 133 83 111 29 93 106 56 36 154 104 140 150 57 115 186 126 136 86 0 45 130 96 66 192 74 55 162 28 83 150 68
209 160 110 88 56 70 133 33 63 131 81 117 127 84 142 213 103 163 63 45 0 107 123 93 219 101 32 189 29 60 177 45
294 245 195 29 141 47 218 88 148 54 46 40 50 169 227 298 26 248 60 130 107 0 208 178 304 186 105 274 114 73 262 76
96 47 27 189 81 171 20 134 72 232 182 218 228 63 29 100 204 50 164 96 123 208 0 56 106 42 133 76 106 161 64 146
142 93 43 159 51 141 66 104 42 202 152 188 198 33 75 146 174 96 134 66 93 178 56 0 152 34 103 122 76 131 110 116
30 69 123 285 177 267 104 230 168 328 278 314 324 159 91 18 300 84 260 192 219 304 106 152 0 138 229 40 202 257 56 242
128 79 29 167 59 149 52 112 50 210 160 196 206 41 61 132 182 82 142 74 101 186 42 34 138 0 111 108 84 139 96 124
219 170 120 86 66 68 143 31 73 129 79 115 125 94 152 223 101 173 61 55 32 105 133 103 229 111 0 199 39 58 187 43
30 39 93 255 147 237 74 200 138 298 248 284 294 129 61 34 270 54 230 162 189 274 76 122 40 108 199 0 172 227 26 212
192 143 93 95 39 77 116 40 46 138 88 124 134 67 125 196 110 146 70 28 29 114 106 76 202 84 39 172 0 67 160 52
247 198 148 54 94 36 171 41 101 97 47 83 93 122 180 251 69 201 29 83 60 73 161 131 257 139 58 227 67 0 215 29
46 27 81 243 135 225 62 188 126 286 236 272 282 117 49 50 258 42 218 150 177 262 64 110 56 96 187 26 160 215 0 200
232 183 133 57 79 39 156 26 86 100 50 86 96 107 165 236 72 186 32 68 45 76 146 116 242 124 43 212 52 29 200 0
