29
27
0 1851 5395 483 13353 12138 3642 6488 6953 5051 9120 12960 3864 10930 9541 14231 12320 672 3327 6903 10382 14194 12079 8119 14003 7606 2106 8724 14515
1851 0 4936 1592 12894 11679 3183 6029 6494 4592 8661 12501 3405 10471 9082 13772 11861 1287 2868 6444 9923 13735 11620 7660 13544 7147 1647 8265 14056
5395 4936 0 5136 8472 7257 2555 1607 2072 1522 4239 8079 2025 6049 4660 9350 7439 4831 3650 2022 5501 9313 7198 3238 9122 2725 3517 3843 9634
483 1592 5136 0 13094 11879 3383 6229 6694 4792 8861 12701 3605 10671 9282 13972 12061 413 3068 6644 10123 13935 11820 7860 13744 7347 1847 8465 14256
13353 12894 8472 13094 0 2823 10513 8729 6910 9480 5261 585 9983 3337 3994 1086 1765 12789 11608 8350 3379 1049 1652 6306 858 7179 11475 5091 1370
12138 11679 7257 11879 2823 0 9298 7514 5695 8265 4046 2430 8768 2122 2779 3701 1790 11574 10393 7135 2164 3664 1549 5091 3473 5964 10260 3876 3985
3642 3183 2555 3383 10513 9298 0 3648 4113 2211 6280 10120 1024 8090 6701 11391 9480 3078 1897 4063 7542 11354 9239 5279 11163 4766 1764 5884 11675
6488 6029 1607 6229 8729 7514 3648 0 2329 2615 4496 8336 3118 6306 4917 9607 7696 5924 4743 2279 5758 9570 7455 3495 9379 2982 4610 4100 9891
6953 6494 2072 6694 6910 5695 4113 2329 0 3080 2677 6517 3583 4487 3098 7788 5877 6389 5208 1950 3939 7751 5636 1676 7560 1163 5075 2281 8072
5051 4592 1522 4792 9480 8265 2211 2615 3080 0 5247 9087 1681 7057 5668 10358 8447 4487 3306 3030 6509 10321 8206 4246 10130 3733 3173 4851 10642
9120 8661 4239 8861 5261 4046 6280 4496 2677 5247 0 4868 5750 2838 1449 6139 4228 8556 7375 4117 2290 6102 3987 2073 5911 2946 7242 858 6423
12960 12501 8079 12701 585 2430 10120 8336 6517 9087 4868 0 9590 2944 3601 1463 1372 12396 11215 7957 2986 1426 1259 5913 1235 6786 11082 4698 1747
3864 3405 2025 3605 9983 8768 1024 3118 3583 1681 5750 9590 0 7560 6171 10861 8950 3300 2119 3533 7012 10824 8709 4749 10633 4236 1986 5354 11145
10930 10471 6049 10671 3337 2122 8090 6306 4487 7057 2838 2944 7560 0 1571 4215 2304 10366 9185 5927 956 4178 2063 3883 3987 4756 9052 2668 4499
9541 9082 4660 9282 3994 2779 6701 4917 3098 5668 1449 3601 6171 1571 0 4872 2961 8977 7796 4538 1023 4835 2720 2494 4644 3367 7663 1279 5156
14231 13772 9350 13972 1086 3701 11391 9607 7788 10358 6139 1463 10861 4215 4872 0 2643 13667 12486 9228 4257 1695 2530 7184 468 8057 12353 5969 1408
12320 11861 7439 12061 1765 1790 9480 7696 5877 8447 4228 1372 8950 2304 2961 2643 0 11756 10575 7317 2346 2606 619 5273 2415 6146 10442 4058 2927
672 1287 4831 413 12789 11574 3078 5924 6389 4487 8556 12396 3300 10366 8977 13667 11756 0 2763 6339 9818 13630 11515 7555 13439 7042 1542 8160 13951
3327 2868 3650 3068 11608 10393 1897 4743 5208 3306 7375 11215 2119 9185 7796 12486 10575 2763 0 5158 8637 12449 10334 6374 12258 5861 1449 6979 12770
6903 6444 2022 6644 8350 7135 4063 2279 1950 3030 4117 7957 3533 5927 4538 9228 7317 6339 5158 0 5379 9191 7076 3116 9000 2603 5025 3721 9512
10382 9923 5501 10123 3379 2164 7542 5758 3939 6509 2290 2986 7012 956 1023 4257 2346 9818 8637 5379 0 4220 2105 3335 4029 4208 8504 2120 4541
14194 13735 9313 13935 1049 3664 11354 9570 7751 10321 6102 1426 10824 4178 4835 1695 2606 13630 12449 9191 4220 0 2493 7147 1467 8020 12316 5932 1979
12079 11620 7198 11820 1652 1549 9239 7455 5636 8206 3987 1259 8709 2063 2720 2530 619 11515 10334 7076 2105 2493 0 5032 2302 5905 10201 3817 2814
8119 7660 3238 7860 6306 5091 5279 3495 1676 4246 2073 5913 4749 3883 2494 7184 5273 7555 6374 3116 3335 7147 5032 0 6956 1945 6241 1677 7468
14003 13544 9122 13744 858 3473 11163 9379 7560 10130 5911 1235 10633 3987 4644 468 2415 13439 12258 9000 4029 1467 2302 6956 0 7829 12125 5741 1180
7606 7147 2725 7347 7179 5964 4766 2982 1163 3733 2946 6786 4236 4756 3367 8057 6146 7042 5861 2603 4208 8020 5905 1945 7829 0 5728 2550 8341
2106 1647 3517 1847 11475 10260 1764 4610 5075 3173 7242 11082 1986 9052 7663 12353 10442 1542 1449 5025 8504 12316 10201 6241 12125 5728 0 6846 12637
8724 8265 3843 8465 5091 3876 5884 4100 2281 4851 858 4698 5354 2668 1279 5969 4058 8160 6979 3721 2120 5932 3817 1677 5741 2550 6846 0 6253
14515 14056 9634 14256 1370 3985 11675 9891 8072 10642 6423 1747 11145 4499 5156 1408 2927 13951 12770 9512 4541 1979 2814 7468 1180 8341 12637 6253 0
