26
0 9972 2200 10866 9397 5362 13632 1611 8586 9356 3901 2051 6265 11263 14119 6497 5535 12835 14167 13490 2957 8124 11866 4067 7546 7883
9972 0 8172 2274 1145 6584 5040 9809 2302 1778 8007 9867 4551 2671 5527 4615 4899 4243 5575 4898 7233 3542 3274 7229 4290 3997
2200 8172 0 9066 7597 3562 11832 2037 6786 7556 2101 2095 4465 9463 12319 4697 3735 11035 12367 11690 1157 6324 10066 2267 5746 6083
10866 2274 9066 0 2039 7478 4290 10703 3196 2672 8901 10761 5445 1921 4777 5509 5793 3493 4825 4148 8127 4436 2524 8123 5184 4891
9397 1145 7597 2039 0 6009 4805 9234 1727 1203 7432 9292 3976 2436 5292 4040 4324 4008 5340 4663 6658 2967 3039 6654 3715 3422
5362 6584 3562 7478 6009 0 10244 5199 5198 5968 3397 5257 2877 7875 10731 3109 2147 9447 10779 10102 2623 4736 8478 2619 4158 4495
13632 5040 11832 4290 4805 10244 0 13469 5962 5438 11667 13527 8211 3563 1391 8275 8559 2125 1439 1024 10893 7202 2202 10889 7950 7657
1611 9809 2037 10703 9234 5199 13469 0 8423 9193 3738 1888 6102 11100 13956 6334 5372 12672 14004 13327 2794 7961 11703 3904 7383 7720
8586 2302 6786 3196 1727 5198 5962 8423 0 1686 6621 8481 3165 3593 6449 3229 3513 5165 6497 5820 5847 2156 4196 5843 2904 2611
9356 1778 7556 2672 1203 5968 5438 9193 1686 0 7391 9251 3935 3069 5925 3999 4283 4641 5973 5296 6617 2926 3672 6613 3674 3381
3901 8007 2101 8901 7432 3397 11667 3738 6621 7391 0 3796 4300 9298 12154 4532 3570 10870 12202 11525 1162 6159 9901 2102 5581 5918
2051 9867 2095 10761 9292 5257 13527 1888 8481 9251 3796 0 6160 11158 14014 6392 5430 12730 14062 13385 2852 8019 11761 3962 7441 7778
6265 4551 4465 5445 3976 2877 8211 6102 3165 3935 4300 6160 0 5842 8698 1076 1192 7414 8746 8069 3526 2703 6445 3522 2125 2462
11263 2671 9463 1921 2436 7875 3563 11100 3593 3069 9298 11158 5842 0 4050 5906 6190 2766 4098 3421 8524 4833 1797 8520 5581 5288
14119 5527 12319 4777 5292 10731 1391 13956 6449 5925 12154 14014 8698 4050 0 8762 9046 2612 1014 1511 11380 7689 2689 11376 8437 8144
6497 4615 4697 5509 4040 3109 8275 6334 3229 3999 4532 6392 1076 5906 8762 0 1424 7478 8810 8133 3758 2767 6509 3754 2189 2526
5535 4899 3735 5793 4324 2147 8559 5372 3513 4283 3570 5430 1192 6190 9046 1424 0 7762 9094 8417 2796 3051 6793 2792 2473 2810
12835 4243 11035 3493 4008 9447 2125 12672 5165 4641 10870 12730 7414 2766 2612 7478 7762 0 2660 1983 10096 6405 1405 10092 7153 6860
14167 5575 12367 4825 5340 10779 1439 14004 6497 5973 12202 14062 8746 4098 1014 8810 9094 2660 0 1559 11428 7737 2737 11424 8485 8192
13490 4898 11690 4148 4663 10102 1024 13327 5820 5296 11525 13385 8069 3421 1511 8133 8417 1983 1559 0 10751 7060 2060 10747 7808 7515
2957 7233 1157 8127 6658 2623 10893 2794 5847 6617 1162 2852 3526 8524 11380 3758 2796 10096 11428 10751 0 5385 9127 1328 4807 5144
8124 3542 6324 4436 2967 4736 7202 7961 2156 2926 6159 8019 2703 4833 7689 2767 3051 6405 7737 7060 5385 0 5436 5381 2442 2149
11866 3274 10066 2524 3039 8478 2202 11703 4196 3672 9901 11761 6445 1797 2689 6509 6793 1405 2737 2060 9127 5436 0 9123 6184 5891
4067 7229 2267 8123 6654 2619 10889 3904 5843 6613 2102 3962 3522 8520 11376 3754 2792 10092 11424 10747 1328 5381 9123 0 4803 5140
7546 4290 5746 5184 3715 4158 7950 7383 2904 3674 5581 7441 2125 5581 8437 2189 2473 7153 8485 7808 4807 2442 6184 4803 0 2201
7883 3997 6083 4891 3422 4495 7657 7720 2611 3381 5918 7778 2462 5288 8144 2526 2810 6860 8192 7515 5144 2149 5891 5140 2201 0
